79361554182
79361554164
79361554116
79361554163
79361554120
79361554107
79361554175
79361554173
79361554109
79361554121
79361554181
79361554135
79361554165
79361554172
79361554118
79361554115
79361554113
79361554169
79361554034
79361554035
79361554038
79361554039
79361554101
79361554104
79361554105
79361554106
79362823561
79362823564
79362823628
79362823567
79362823627
79362823629
79362823641
79362823630
79362823643
79362823584
79362823581
79362823583
79361554032
79361554031
79361554030
79362823642
79362823565
79362823647
79362823563
79361554190
79361554189
79361554192
79361554191
79361554193
79361554194
79361554196
79361554195
79361554197
79361554198
79361554199
79362118913
79362119035
79362119067
79362119072
79362119074
79362119101
79362119109
79362119116
79362119331
79362119324
79362118991
79362119322
79362119314
79362119313
79362118992
79362119022
79362118993
79362119034
79362119035
79362119067
79362119072
79362119071
79362119074
79362119101
79362119103
79362119104
79362119108
79362119109
79362119112
79362119116
79362119126
79362119127
79362119128
79362119167
79362119105
79362119106
79362119169
79362119311
79362119182
79362119183
79362119185
79362119186
79362119187
79362119188
79362119189
79362119193
79362119194
79362119200
79362119198
79362119199
79362119201
79362119202
79362119203
79362119206
79362119173
79362119207
79362119107
79362119214
79362119212