7 910 465 64 45'
7 965 434 37 77'
7 920 021 62 91
7 921 780 12 06'
7 928 623 83 72'
7 916 357 10 62'
7 903 721 07 03'
7 908 874 43 39'
7 903 277 66 33'
7 916 682 15 76'
7 922 222 20 81'
7 912 221 57 55'
7 911 000 93 33'
7 902 784 70 97'
380 50 678 1159'
7 910 689 99 90'
7 912 249 58 57'
7 964 419 78 94'
7 909 062 19 20'
7 915 199 88 01'
7 903 602 62 60'
7 937 156 77 86'
7 922 238 93 23'
7 918 530 73 00'
7 918 530 73 00'
7 903 199 04 40'
998 90 189 63 68'
7 916 018 21 77'
7 903 616 63 72'
7 915 108 90 58'
7 914 634 04 90'
7 919 101 27 27'
7 906 359 35 45'
7 909 905 49 11'
NULL
7 910 533 78 59'
7 928 339 33 98'
7 926 217 70 89'
7 926 123 45 67'
7 985 234 50 50'
7 916 394 01 09'
7 916 705 08 55'
7 913 034 69 24'
7 931 357 74 67'
7 925 206 36 94'
7 910 785 55 82'
7 960 838 91 20'
7 447 376 58 20'
7 927 578 42 63'
7 926 149 85 99'
7 916 641 32 80'
7 911 264 91 18'
7 926 601 69 67'
79112649118
372 552 7052'
7 964 563 42 30'
7 909 800 01 91'
7 915 327 25 37'
7 999 991 71 33'
996 555 057 977'
996 755 055 755'
7 926 856 66 87'
7 929 506 48 56'
7 919 966 82 72'
7 917 341 46 99'
7 985 909 85 02'
7 916 345 88 38'
7 921 336 16 72'
7 915 144 23 44'
7 925 902 95 12'
7 916 916 76 60'
7 999 921 90 19'
7 903 247 42 47'
7 967 172 09 11'
7 744 713 9483'
7 905 807 28 84'
7 909 354 52 02'
7 985 211 16 42'
7 454 545 45 45'
7 965 347 12 80'
7 962 955 34 67'
7 965 347 12 80'
7 925 506 62 67'
7 927 529 06 97'
7 921 930 91 14'
7 910 195 85 25'
381 66 8033415'
7 916 243 34 32'
7 999 823 68 37'
7 909 545 49 96'
7 985 780 70 53'
7 962 999 99 49'
7 903 292 95 03'
7 926 213 22 11'
7 937 166 65 17'
7 926 224 02 70'
7 903 102 74 41'
7 916 658 04 36'
7 985 773 91 18'
7 965 240 02 01'
7 911 031 49 43'
79254886131'
7 922 102 86 59'
7 903 798 01 82'
7 926 520 14 20'
7 985 184 07 93'
7 903 135 29 00'
7 916 853 53 83'
7 951 919 91 03'
7 926 895 61 67'
7 926 895 61 67'
7 916 080 08 22'
7 929 506 48 56'
7 915 265 69 49'
7 964 377 66 54'
7 903 220 62 01'
7 908 440 42 52'
7 926 150 98 16'
7 985 210 00 17'
7 926 522 69 82'
7 917 918 94 89'
7 916 775 71 00'
7 910 441 55 91'
7 916 990 20 63'
7 904 361 92 83'
NULL
7 926 169 16 44'
7 921 373 38 32'
7 926 295 07 06'
7 985 762 91 13'
7 910 230 99 99'
7 917 650 05 53'
7 926 144 77 13'
7 903 206 96 66'
7 925 431 31 91'
7 916 451 04 54'
7 962 047 84 55'
7 903 713 05 83'
7 916 678 22 03'
7 702 835 0000'
7 910 446 34 60'
7 985 774 93 06'
7 916 914 50 66'
7 928 820 96 91'
7 909 953 86 77'
7 960 742 72 27'
7 903 327 14 78'
7 915 253 03 54'
7 985 133 77 77'
7 917 328 58 90'
7 915 074 44 07'
7 916 260 94 38'
7 915 194 14 35'
7 916 613 01 28'
7 926 352 88 25'
7 964 579 77 20'
7 926 565 99 95'
7 905 761-49-87 (телефон персонального ассистента)'
7 915 217 08 45'
7 925 969 14 91'
7 915 339 07 07'
7 915 258 18 72'
7 915 063 54 58'
7 916 107 63 09'
7 926 591 54 07'
7 914 739 60 13'
7 909 903 85 84'
7 777 268 7722'
7 495 950 03 37'
7 985 117 86 28'
7 985 765 89 29'
7 926 577 74 11'
7 777 458 9926'
7 985 315 17 00'
7 926 499 55 77'
380 95 608 5930'
7 914 154 54 07'
7 915 092 22 23'
7 965 342 13 30'
998 90 900 56 53'
7 961 286 47 77'
7 915 299 43 03'
7 917 577 29 37'
7 906 256 67 60'
7 916 107 15 30'
7 983 173 40 79'
7 968 763 25 40'
7 952 484 79 71'
7 988 237 49 45'
7 985 998 67 84'
7 929 659 65 90'
7 903 814 41 63'
7 985 473 80 37'
7 915 359 89 89'
7 915 358 87 15'
7 985 643 46 49'
7 915 358 87 15'
924 230-97-02'
7 961 286 47 77'
7 978 769 06 10'
7 981 440 00 02'
375 44 784 38 57'
7 909 659 13 43'
7 910 409 32 53'
7 982 597 28 58'
7 967 225 88 85'
7 987 290 85 20'
7 960 972 87 53'
7 916 349 99 33'
7 967 010 10 20'
7 925 007 24 24'
7 915 216 91 51'
7 906 078 92 56'
7 915 410 73 13'
7 914 782 88 60'
7 908 896 61 33'
7 904 055 83 44'
7 903 596 43 91'
7 923 280 87 66'
7 911 071 00 71'
7 926 148 68 22'
7 926 236 30 79'
7 921 557 03 34'
7 915 188 51 25'
7 903 798 50 30'
7 999 969 99 87'
7 905 139 49 00'
7 926 358 95 60'
7 913 997 84 62'
7 909 459 95 63'
7 912 636 96 89'
7 916 373 61 98'
7 968 404 65 59'
7 920 660 49 51'
7 927 580 89 30'
7 920 660 49 51'
7 916 117 00 50'
7 912 633 85 85'
7 961 072 44 99'
7 981 708 40 38'
918 503-12-53'
7 985 211 61 92'
7 916 335 48 23'
7 915 361 71 51'
7 967 104 77 77'
7 917 523 10 00'
7 915 338 79 96'
7 999 809 50 66'
7 985 220 79 80'
7 917 448 83 33'
7 916 071 35 91'
7 985 228 30 54'
7 915 383 14 33'
7 985 353 88 25'
7 903 573 52 79'
7 985 222 93 80'
7 920 308 21 74'
7 926 822 28 62'
7 910 721 10 54'
7 960 826 88 66'
7 960 547 32 36'
7 985 510 52 56'
7 916 473 63 67'
7 903 441 18 51'
7 910 441 73 56'
7 985 923 16 88'
7 903 181 94 14'
7 906 789 81 30'
7 926 383 72 64'
7 903 758 89 84'
7 987 552 15 01'
7 932 479 92 78'
NULL
7 961 162 94 92'
7 985 018 79 85'
7 911 600 50 65'
7 985 173 24 76'
7 916 932 71 93'
7 916 586 10 56'
7 910 445 34 16'
7 916 600 93 18'
7 916 600 93 15'
7 906 256 67 90'
7 900 657 22 91'
7 952 377 04 10'
7 903 721 60 13'
7 985 141 86 05'
7 926 833 23 92'
7 962 937 43 86'
7 918 594 95 45'
7 903 789 99 71'
7 985 687 08 90'
7 929 939 87 87'
7 916 552 90 82'
7 916 552 90 82'
NULL
7 928 126 05 50'
7 985 687 08 90'
7 915 744 30 18'
7 926 540 03 00'
7 915 702 42 46'
7 977 857 66 01'
7 968 712 38 41'
79166561553'
7 910 407 37 75'
7 905 714 34 87'
7 905 233 66 50'
NULL
7 985 137 64 29'
7 916 798 32 18'
7 926 733 33 31'
7 926 733 33 31'
7 922 975 14 74'
7 983 320 54 71'
7 967 049 73 97'
7 705 427 7940'
7 967 049 73 97'
79600395461'
7 926 113 57 22'
7 999 978 80 20'
79219108897'
7 909 106 89 59'
998 93 500 39 36'
7 920 211 88 46'
7 915 076 31 59'
7 995 786 82 03'
7 916 304 25 72'
79267564419'
NULL
7 916 129 49 05'
7 917 344 46 99'
7 916 645 32 39'
7 910 872 32 60'
7 985 144 04 10'
89035149280'
7 921 882 18 87'
9857746642'
7 916 783 28 26'
89255085709'
89316110322'
89037226515'
79037299830'
89859208687'
89032405857'
79218681514'
89119277199'
9169094744'
79872905274'
#ERROR!'
89857667037'
89264639255'
9161717568'
89854003977'
79853370251'
79039731062'
7 916 491 51 77'
7 919 372 61 32'
7 901 362 77 65'
7 916 486 42 05'
7 702 532 6005'
7 918 611 99 38'
7 905 751 94 20'
7 925 453 03 66'
7 912 850 42 19'
7 918 664 75 60'
7 914 888 58 88'
7 968 080 01 95'
7 923 498 75 55'
89261960606'
7 985 765 96 21'
#ОШИБКА!'
998 98 362 92 22'
7 919 728 35 83'
7 968 855 31 90'
7 926 785 77 22'
79169999177'
7 777 201 2139'
7 776 303 1331'
#ОШИБКА!'
89859920495'
79036441616'
7 903 722 95 34'
89128655193'
79283172117'
7 926 621 92 75'
7 962 471 57 76'
7 985 227 76 77'
7 985 740 84 09'
7 903 236 80 15'
89856601870'
NULL
7 915 000 59 42'
7 903 222 05 09'
7 985 364 30 01'
#ОШИБКА!'
89856601870'
7 981 457 65 78'
7 912 571 18 88'
7 916 702 31 52'
89163950405'
7 920 046 05 47'
7 920 046 05 47'
7 911 793 70 83'
33 7 69 48 05 55'
7 915 000 75 77'
7 982 732 46 95'
7 925 518 11 29'
7 969 011 51 99'
7 931 966 36 58'
7 903 226 24 92'
7 910 441 73 56'
7 985 430 25 37'
7 969 280 21 59'
7 903 763 76 05'
7 937 549 64 46'
7 (953) 588-93-48'
7 903 708 20 59'
7 916 413 88 10'
NULL
7 937 549 64 46'
7 985 620 17 15'
7 916 647 40 79'
7 964 575 77 50'
7 912 821 31 27'
7 903 005 45 35'
7 985 364 98 46'
7 909 979 43 97'
7 901 449 20 36'
7 911 125 96 56'
7 985 227 76 77'
7 913 007 48 50'
79181102111'
7 925 805 01 95'
79992112136'
7 915 095 98 40'
79506569615'
7 916 816 20 28'
65 9674 9410'
7 985 774 90 62'
7 988 237 38 57'
7 962 360 60 75'
7 926 790 26 10'
7 921 761 42 60'
7 916 521 13 34'
7 914 139 67 06'
7 985 227 76 77'
7 965 195 85 26'
7 922 776 34 47'
7 917 587 48 57'
7 977 257 55 95'
7 903 163 77 77'
7 903 722 92 76'
7 905 710 79 45'
7 701 765 6393'
7 918 978 00 00'
7 977 438 54 46'
7 919 970 69 05'
7 961 767 56 36'
7 916 957 62 89'
7 931 207 01 77'
89826588056'
79269188088'
79117112974'
79612640014'
7 902 166 75 16'
79107373795'
79150476488'
89154686662'
89200125665'
79286526782'
8 (985) 282 1172'
79272828214'
7 912 222 20 06'
89307442292'
7 926 725 87 94'
79109851775'
909 628-59-71'
7 985 980 55 55'
7 932 091 86 17'
7 915 669 69 69'
7 903 179 77 22'
7 902 471 62 45'
7 916 326 37 40'
79128811147'
89269006105'
7 912 604 68 07'
7 908 630 35 72'
7 913 660 40 15'
7 908 792 60 84'
7 962 912 86 73'
79159222937'
7 912 247 38 66'
79630608822'
NULL
89031061093'
77018853388'
7 903 755 16 57'
7 917 181 31 81'
978 746-48-65'
79998959855'
7 926 422 44 66'
89636779148'
79147136104'
7 918 215 58 88'
7 832 266 23 42'
7 925 838 80 78'
7 916 419 15 81'
7 989 950 08 88'
79180338207'
7 905 792 25 70'
7 903 264 32 34'
7 952 059 77 72'
89046355748'
7 904 524 48 10'
8-911-799-20-57'
7 910 001 71 46'
89057881125'
7 926 144 54 87'
7 900 979 63 18'
7 924 119 88 37'
7 981 965 42 19'
7 963 455 19 14'
7 913 460 79 28'
7 916 260 21 17'
7 903 000 93 67'
9603355444'
7 911 235 78 39'
7 909 055 33 22'
79150072570'
7 985 227 76 77'
7 905 392 59 04'
79041462818'
NULL
79056618081'
89090639998'
7 962 547 66 26'
7 701 725 6794'
89996238677'
7 917 078 39 96'
89225050950'
89297011515'
7 963 608 38 30'
89671658802'
9222367407'
89521143068'
7 903 225 74 26'
89206370823'
7 925 459 11 90'
7 926 341 58 54'
7 912 606 78 84'
89141698443'
89210305353'
7 917 211 40 77'
89272270948'
7 937 300 86 50'
89103592991'
7 916 883 48 01'
7 913 984 58 43'
7 922 622 23 33'
7 927 783 01 55'
7 962 547 66 26'
79193134153'
79778173007'
7 985 210 06 55'
79170179170'
7 910 149 30 38'
89115631817'
79167556235'
7 916 268 18 88'
789995325989'
7 952 930 30 40'
7 962 787 21 28'
7 952 897 04 78'
7 917 108 66 26'
NULL
7 926 826 52 94'
79212624862'
7 917 842 19 37'
7 927 375 39 77'
7 913 038 68 88'
7 927 289 32 23'
7 927 725 25 95'
7 925 263 47 17'
79113120080'
9106636637'
7 910 360 51 57'
7 925 126 13 26'
7 983 121 63 38'
7 916 255 73 19'
7 915 270 55 50'
7 917 590 97 37'
7 917 590 97 37'
7 911 493 18 73'
7 917 590 97 37'
7 916 255 73 19'
789221138777'
7 926 728 53 23'
7 916 829 04 22'
7 908 994 94 03'
7 929 696 92 50'
79055023611'
7 916 394 01 09'
7 977 868 73 77'
7 926 708 10 37'
7 903 536 69 44'
NULL
7 903 790 94 95'
7 926 237 00 77'
79180232425'
79265228050'
7 777 383 1446'
7 903 961 27 15'
7 916 622 50 02'
7 903 961 27 15'
922 612-79-20'
7 906 722 38 00'
7 919 961 86 49'
7 903 131 15 15'
7 916 270 33 66'
7 495 775 18 88'
7 777 554 4005'
7 902 480 29 02'
NULL
7 909 580 31 73'
79095803173'
7 916 586 01 33'
7 916 317 56 54'
7 903 594 54 37'
79679261888'
7 903 770 99 86'
7 926 732 36 34'
79827236453'
7 926 460 78 10'
7 926 221 50 42'
7 911 861 98 10'
7 985 132 49 52'
7 912 865 51 93'
7 916 114 86 82'
7 920 055 69 59'
7 985 227 76 77'
7 915 398 53 96'
7 916 149 78 17'
7 968 708 90 04'
89251366135'
7 985 578 91 98'
7 903 221 26 70'
7 926 286 93 41'
7 980 376 58 76'
7 905 728 48 47'
7 987 227 00 79'
981 751-97-90'
7 926 200 80 02'
7 903 136 26 44'
7 915 182 15 94'
7 903 759 83 36'
7 968 601 44 95'
7 926 276 22 99'
7 963 737 20 92'
7 916 009 09 99'
7 963 924 43 05'
7 919 729 75 75'
89265639012'
7 962 159 80 00'
7 913 821 47 86'
7 921 440 70 50'
7 919 106 73 56'
7 914 983 82 87'
7 963 750 21 82'
7 977 445 49 77'
7 985 550 00 78'
7 926 282 93 90'
7 915 124 16 33'
7 903 790 97 54'
7 929 753 94 84'
7 921 764 41 46'
7 916 840 85 45'
7 919 382 39 92'
7 919 404 44 00'
7 960 943 97 94'
7 915 008 84 34'
927 788-78-81'
7 917 345 37 00'
7 923 421 53 50'
7 999 236 91 26'
7 913 932 77 77'
7 929 412 46 04'
7 999 999 99 99'
7 925 169 83 66'
998977758888'
7 902 166 75 16'
7 926 964 95 45'
7 920 316 40 05'
7 926 612 07 94'
7 925 517 64 66'
7 996 000 75 63'
7 921 592 77 75'
7 929 677 58 88'
7 914 273 37 82'
79104661683'
7 (925) 930-51-95'
7 903 790 45 60'
7 (916) 146-15-03'
7 915 466 28 03'
7 925 509 48 05'
7 918 682 00 06'
89233542122'
7 910 154 85 04'
7 926 671 28 77'
7 903 979 68 98'
7 963 777 34 81'
7 919 965 67 91'
7 702 474 7739'
89875423797'
7 906 789 54 31'
7 985 909 85 02'
7 908 573 53 88'
7 914 200 06 96'
7 960 435 09 58'
7 920 765 53 33'
7 916 515 25 20'
7 921 425 54 99'
7 921 747 41 49'
7 701 531 0401'
7 910 899 99 25'
7 927 262 10 82'
79272621082'
7 905 823 00 99'
7 937 155 14 56'
7 918 987 15 95'
7 914 609 15 69'
7 983 301 94 93'
79169209067'
7 953 893 07 53'
7 (916) 947-42-03'
7 926 162 30 49'
358 41 3147372'
NULL
7 903 683 73 37'
7 968 029 22 64'
NULL
7 916 446 70 70'
7 926 567 10 87'
7 952 560 71 11'
7 919 646 97 25'
79604420528'
7 962 362 42 99'
7 915 204 81 84'
7 906 547 91 17'
7 967 362 97 79'
7 925 700 80 60'
89998050092'
#ОШИБКА!'
7 910 697 47 47'
79688863601'
7 903 112 91 16'
7 964 648 43 09'
7 903 726 22 55'
7 925 999 24 74'
7 917 430 27 77'
7 926 373 07 17'
7 903 317 27 27'
7 916 055 71 58'
928 952-75-36'
89645966865'
7 985 729 98 71'
7 916 562 48 84'
7 999 007 00 01'
7 985 811 79 90'
7 963 726 29 94'
79250664711'
7 926 108 11 90'
7 928 622 30 22'
79687981563'
7 985 999 77 11'
7 916 449 65 16'
7 916 968 76 81'
7 985 764 58 54'
7 985 780 70 20'
89685623111'
7 925 804 11 05'
7 967 179 41 01'
7 917 605 36 49'
7 916 148 45 48'
7 965 217 07 31'
7 917 508 99 20'
911 235-78-39'
7 906 706 66 66'
7 915 206 84 11'
7 908 139 11 33'
44 7818 437858'
7 917 533 11 26'
7 965 209 40 66'
89194597077'
7 916 271 79 62'
7 967 215 10 20'
380 71 503 6298'
7 903 237 36 10'
89055633026'
7 916 117 80 05'
79154804571'
7 916 429 85 55'
89250113718'
7 921 350 40 50'
7 905 520 76 10'
7 916 405 72 99'
7 916 412 78 89'
7 905 726 57 41'
7 968 369 94 50'
7 985 104 22 67'
7 962 918 11 23'
7 921 941 06 91'
89061972659'
7 915 250 31 83'
7 915 250 31 83'
7 701 204 0037'
908 873-38-99'
7 910 484 47 08'
7 985 780 96 31'
79255191559'
89500845000'
7 985 458 45 68'
7 985 458 45 68'
7 909 902 06 21'
7 911 781 43 03'
7 978 795 14 84'
79106598227'
79106598227'
7 926 573 03 96'
7 905 357 05 92'
7 915 467 44 90'
7 985 768 11 67'
7 911 245 59 72'
7 910 628 93 12'
7 912 987 07 37'
7 926 776 55 77'
7 922 975 14 74'
7 918 744 38 47'
7 916 852 88 84'
7 444 444 44 44'
7 912 580 59 05'
7 903 796 11 11'
7 920 612 33 33'
7 909 593 55 07'
7 903 792 19 76'
7 922 209 53 64'
7 920 403 07 62'
7 963 680 27 57'
7 916 188 07 03'
7 909 913 36 46'
7 903 720 38 58'
7 903 618 73 19'
7 914 715 64 11'
7 909 799 11 99'
79168839938'
7 926 726 18 06'
7 962 547 66 26'
7 966 354 88 25'
7 914 405 83 42'
7 985 999 96 35'
7 909 593 55 07'
7 910 302 38 33'
7 965 318 22 89'
7 916 702 19 31'
7 982 136 10 88'
7 985 282 91 20'
7 937 999 99 90'
7 929 633 20 53'
7 916 687 31 70'
7 925 772 81 77'
7 958 500 05 33'
373 777 21 710'
7 910 299 09 39'
7 909 993 64 49'
7 985 186 20 60'
7 920 950 01 08'
7 916 389 91 33'
7 926 091 35 29'
7 910 786 01 19'
7 985 227 08 97'
7 961 126 00 71'
7 918 606 10 26'
7 923 420 71 26'
7 701 760 9789'
79857877676'
7 916 600 70 83'
7 916 780 74 69'
7 915 133 03 03'
7 926 845 54 36'
7 982 189 33 14'
7 915 101 05 60'
7 917 506 82 56'
7 903 799 26 22'
7 910 428 97 51'
7 911 088 41 68'
7 922 020 85 86'
7 967 333 42 02'
NULL
7 983 302 59 64'
7 916 642 01 79'
7 903 130 06 58'
7 903 941 93 76'
89262131618'
89262131618'
7 922 480 36 46'
79030038172'
79233060774'
7 926 651 22 51'
7 977 733 68 12'
7 916 153 34 23'
7 912 794 01 23'
7 977 900 69 54'
7 966 339 12 96'
7 961 330 03 06'
7 905 214 30 99'
7 917 961 79 61'
7 921 050 29 62'
89169955668'
7 977 766 99 09'
7 963 737 20 92'
7 701 900 6801'
7 916 057 52 94'
79374572591'
789851557330'
7 915 649 07 70'
7 985 774 77 65'
7 382 251 08 04'
7 936 444 08 85'
NULL
7 905 549 01 74'
7 911 111 11 90'
7 902 911 80 13'
7 922 253 73 09'
7 923 267 76 55'
7 926 212 33 88'
916 992-76-66'
7 912 480 42 14'
7 926 560 62 85'
7 919 910 03 10'
375 29 264 14 02'
7 960 943 97 94'
7 921 740 32 83'
7 910 730 38 80'
7 903 777 97 52'
7 950 317 75 55'
7 912 229 54 24'
7 915 268 35 97'
7 916 232 71 32'
7 968 768 69 96'
7 967 639 89 89'
7 964 922 63 33'
89169723893'
7 915 136 30 03'
7 916 400 03 08'
7 901 348 06 96'
7 701 409 3107'
7 985 220 36 20'
7 982 935 32 99'
7 915 221 27 50'
7 929 652 23 80'
7 963 799 90 09'
7 903 679 66 19'
7 918 477 72 70'
7 495 980 80 98'
79067396626'
79273400075'
79119859371'
79522823197'
79219485280'
79104155599'
79036764353'
7 916 103 76 66'
789099861102'
79029400308'
7 929 594 25 87'
79219847974'
7 903 001 39 93'
7 920 000 63 46'
7 905 597 94 42'
79152222289'
7 926 439 31 01'
7 926 439 31 01'
7 965 265 18 44'
79086565165'
79251950615'
7 965 265 18 44'
79214327368'
7 923 285 23 22'
7 999 982 54 32'
79221867142'
79268485565'
7-915-007-51-99'
7 916 821 32 73'
7 926 434 74 49'
7 906 566 50 08'
908 449-65-88'
7 915 311 21 24'
996 000-75-63'
7 916 908 58 00'
79672828931'