79857677587'
79514447444'
7 909 944 02 29'
79031125297'
7 910 510 01 21'
7 905 806 77 11'
79655134040'
7 921 945 98 48'
7 916 122 29 18'
7 926 638 87 75'
7 926 340 34 63'
7 903 766 11 77'
7 916 099 89 31'
7 910 423 20 84'
7 902 898 66 77'
7 916 694 13 47'
7 967 017 22 11'
7 915 474 55 71'
924 854-09-99'
7 915 327 38 05'
7 965 908 33 33'
79616712233'
7 903 724 68 24'
7 977 627 18 87'
7 985 788 51 90'
7 960 476 04 24'
7 903 623 71 72'
7 985 209 38 99'
7 951 685 46 80'
7 906 051 53 53'
7 922 261 81 00'
7 985 288 53 27'
7 916 346 20 95'
7 977 515 45 39'
7 927 490 00 39'
7 962 931 16 44'
7 968 494 94 80'
7 910 434 35 23'
7 920 293 30 52'
7 985 179 64 14'
7 911 000 91 91'
7 925 740 22 11'
7 915 282 33 12'
7 999 975 50 73'
7 925 853 77 77'
79177881959'
7 926 842 71 06'
7 903 793 79 78'
7 916 179 68 66'
7 926 288 79 22'
89999886403'
7 903 716 81 02'
7 930 157 72 12'
7 903 170 86 69'
89114255667'
7 960 521 40 40'
7 985 390 61 87'
7 926 335 06 19'
7 929 654 57 01'
7 916 780 10 49'
7 985 149 84 58'
7 904 552 36 03'
79806535555'
7 903 775 34 34'
7 915 341 88 61'
89211591586'
79141456887'
7 967 132 98 05'
79672976751'
7 917 273 20 63'
7 962 997 67 62'
7 926 969 17 80'
7 999 431 82 86'
79153000434'
985 997-66-93'
79184227642'
7 903 340 89 01'
7 926 067 92 99'
7 985 270 40 16'
9052410088'
7 929 928 70 48'
7 981 503 44 44'
7 905 987 71 04'
7 921 122 64 41'
7 910 219 32 04'
8 926 042 57 84'
7 921 780 84 85'
7 926 106 89 95'
7 924 267 38 88'
7 916 098 41 11'
7 903 528 18 54'
7 925 177 52 42'
7 919 991 52 92'
7 916 820 17 81'
7 968 766 51 18'
79102063496'
7 968 870 66 13'
7 967 449 84 47'
79036457942'
7 916 499 71 69'
7 926 265 84 54'
7 908 715 80 40'
7 910 089 28 98'
7 902 797 80 03'
7 999 348 46 40'
7 963 753 82 74'
7 925 215 88 13'
7 923 457 99 59'
7 916 013 46 19'
7 965 211 38 88'
7 920 471 43 13'
7 926 233 85 37'
79166886310'
79119246681'
79165792639'
79218721396'
7 926 184 01 01'
7 903 000 57 10'
7 926 219 49 66'
7 916 619 78 72'
7 915 108 90 58'
7 910 191 91 10'
967 010-27-30'
7 991 879 12 79'
7 916 929 25 02'
7 925 049 38 22'
7 903 795 85 84'
89219400091'
7 916 746 86 56'
79645125355'
89096762876'
79203082174'
89132625111'
89609661849'
79024792333'
905 205-62-23'
7 916 581 04 94'
7 903 720 17 96'
79174559553'
7 916 553 02 22'
89616687640'
7 989 950 08 88'
89200939111'
89829416221'
7 905 794 87 13'
7 985 463 01 02'
789852334174'
7 922 314 35 20'
7 967 069 36 05'
7 919 115 90 59'
7 926 189 59 70'
7 929 599 39 30'
7 906 704 03 32'
7 912 041 42 01'
89219458238'
918 080-80-87'
89122850156'
79169327505'
79615777177'
7 919 777 95 96'
7 985 767 13 92'
7 925 777 20 90'
79646498999'
7 985 760 40 47'
7 916 221 58 06'
7 903 116 86 07'
7 968 994 94 32'
7 916 746 86 56'
7 927 967 00 06'
7 914 285 16 34'
7 985 226 75 21'
79872905274'
7 926 785 77 22'
7 961 206 15 85'
7 926 677 96 42'
926 685-74-20'
7 916 127 63 24'
7 915 273 96 46'
7 913 283 51 22'
7 968 712 63 13'
7 985 764 25 79'
7 977 364 74 08'
7 903 771 75 76'
7 916 267 25 74'
7 964 591 38 76'
7 916 800 49 53'
7 980 640 80 80'
7 981 685 03 02'
7 918 554 76 72'
7 912 920 55 51'
7 904 305 60 62'
7 916 041 36 36'
7 913 139 85 29'
7 910 912 49 00'
7 916 919 20 25'
7 926 172 03 06'
7 916 616 40 84'
7 916 649 47 74'
7 917 542 74 09'
7 913 929 90 79'
7 924 246 27 61'
7 915 230 47 96'
7 985 111 29 91'
7 903 185 51 20'
7 985 227 76 77'
7 911 229 39 57'
7 914 223 63 65'