79362119116
79362119322
79362119034
79362119106
79361554190
79361554198
79362119167
79361554195
79361554104
79362119108
79362119067
79362118992
79362119126
79362823647
79362119074
79362119127
79361554197
79362119035
79362823563
79362823630
79361554031
79362119109
79361554106
79362119104
79362823643
79361554192
79361554035
79361554199
79362119072
79362823565
79361554039
79361554164
79362119311
79362118913
79362119128
79362118993
79362118991
79362119112
79361554191
79361554196
79362119314
79362823567
79361554101
79362119022
79362119169
79361554194
79362119105
79361554034
79361554193
79361554189
79361554169
79362119101
79362823581
79362823642
79361554115
79361554030
79362119071
79362119313
79361554113
79362119103
79299131398
79299143428
79299147398
79296999637
79296997034
79299146127
79299146218
79296989048
79299145727
79296987738
79296981729
79296979457
79296978622
79296966074
79296976965
79296972632
79361554229
79361554235
79361554246
79361554247
79361554248
79361554262
79361554255
79361554271
79361554260
79361554258
79299087420
79299085789
79299084195
79299077254