79996055466
79996076557
79996065233
79996090471
79969437402
79996076755
79969444270
79997455081
79996073452
79996062639
79969445573
79996055530
79996054327
79996073747
79996073743
79969448557
79996056890
79969449063
79997453627
79996060944
79969447250
79997455592
79996079438
79524934198
79997456214
79996088824
79969444845
79969444803
79997459683
79969443926
79996085551
79996056263
79307661417
79307661418
79307661448
79307661450
79307661393
79307661445
79307661413
79307661406
79307661395
79307661415
79996082949
79996076753
79996086619
79996075471
79969445484
79996079953
79969446313
79996066621
79996088871
79996091217
79969444756
79969444560
79155198520
79155198577
79155198643
79307661379
79307661385
79307661387
79307661382
79155198969
79155197909
79155197866
79155198454
79045222428
79081260311
79969444954
79155198485
79969445314
79155197842
79307661456
